The average threshold is: 9.197006408548381
Accuracy: 0.938 ± 0.002
Sensitivity: 0.719 ± 0.027
PPV: 0.724 ± 0.021
F1 Score: 0.717 ± 0.007
MCC: 0.685 ± 0.008
The final matrix will be:
[[-1.32841370e+00  4.32655162e-01  7.29443230e-01 -1.49159659e+00
   1.96692867e+00  1.93172789e-01 -9.76647281e-02  1.12592545e+00
   1.10425422e+00 -1.69652805e+00 -4.26650235e-01 -1.11336106e+00
   1.37435544e+00 -5.17203940e+00 -3.54012649e+00 -2.33959350e+00
  -3.59946063e+00 -3.57709281e+00 -3.36468448e+00 -2.61783916e+00
   4.49329651e+00]
 [-1.72434238e+00  5.17544059e-01  5.79026387e-01 -1.31102435e+00
   2.16762602e+00  3.94806650e-01 -3.32129982e-01  1.02638977e+00
   8.81861801e-01 -2.37459995e+00 -9.79191258e-01 -1.11336106e+00
   8.97917397e-01 -3.58707690e+00 -3.54012649e+00 -2.75463100e+00
  -4.59946063e+00 -4.89902091e+00 -4.10165008e+00 -5.61783916e+00
   3.49329651e+00]
 [-1.21738239e+00  3.42457353e-01  1.00196908e+00 -1.81352469e+00
   2.06272716e+00  3.52371383e-01 -9.76647281e-02  5.11816601e-01
   2.96899300e-01 -1.88917312e+00 -4.93764431e-01 -6.18596367e-01
   1.23233644e+00 -4.17203940e+00 -2.54012649e+00 -2.75463100e+00
  -5.59946063e+00 -4.89902091e+00 -5.68661258e+00 -4.03287666e+00
   4.49329651e+00]
 [-8.42986875e-01  3.11093182e-01  6.10390558e-01 -1.59113227e+00
   2.10638839e+00  1.68925242e-01 -4.19592823e-01  1.02638977e+00
  -1.18138199e-01 -2.69652805e+00 -3.62519898e-01 -8.72352959e-01
   1.32855175e+00 -3.17203940e+00 -2.12508899e+00 -3.33959350e+00
  -5.59946063e+00 -3.89902091e+00 -4.68661258e+00 -3.61783916e+00
   3.49329651e+00]
 [-5.79952469e-01  1.10707929e+00  2.61056306e-01 -1.22856219e+00
   1.88269213e+00 -5.04264441e-01 -2.72754003e-02  7.04461679e-01
   3.38648946e-02 -1.52660304e+00 -1.58161399e-01 -9.87830177e-01
   1.69628354e+00 -2.36468448e+00 -2.80316089e+00 -2.01766541e+00
  -3.01449813e+00 -3.57709281e+00 -5.68661258e+00 -4.61783916e+00
   3.49329651e+00]
 [-8.02344890e-01  1.05122606e+00  1.37320937e-01 -1.81352469e+00
   1.65572698e+00 -5.04264441e-01  4.87297773e-01  3.23371512e-01
   8.81861801e-01 -1.23709643e+00  2.01380987e-01 -2.15240673e-01
   2.10227590e+00 -2.36468448e+00 -8.03160894e-01 -2.75463100e+00
  -3.27753253e+00 -2.89902091e+00 -4.10165008e+00 -4.03287666e+00
   4.49329651e+00]
 [-3.87307391e-01  5.31218996e-01 -2.56342911e-01 -1.00616977e+00
   1.77858373e+00 -3.91789712e-01  1.03969133e-01  9.63195948e-01
   1.17136842e+00 -7.89637450e-01 -1.31194352e-01 -4.02867676e-01
   1.76667286e+00 -1.85011131e+00 -8.03160894e-01 -1.75463100e+00
  -3.27753253e+00 -2.89902091e+00 -2.51668758e+00 -2.15840754e+00
   3.49329651e+00]
 [-1.01807358e+00  8.80114139e-01  1.12651418e+00  5.08403406e-01
   1.14876699e+00  6.08210288e-01  3.98387956e-02  5.97546475e-01
   7.99399641e-01 -1.37459995e+00 -1.58161399e-01 -5.28398558e-01
   1.28124604e+00 -3.17203940e+00 -3.54012649e+00 -1.16966850e+00
  -3.01449813e+00 -2.72909591e+00 -4.10165008e+00 -2.81048423e+00
   4.49329651e+00]
 [ 8.35085030e-01  9.32581559e-01 -2.56342911e-01  9.05293558e-01
  -5.14198023e-01 -1.39178971e+00 -5.12702227e-01 -7.10575820e-01
   1.71368418e-01 -1.52660304e+00  8.14357864e-01  5.97132324e-01
   2.81246036e-01 -7.79721981e-01  4.59873512e-01  5.67297095e-01
  -1.07589867e+00 -1.31405841e+00 -2.10165008e+00 -1.29591106e+00
   4.49329651e+00]
 [ 4.87161727e-01  3.26860498e-01  3.00050438e-01  1.01090375e+00
   6.97852454e-01 -1.19015585e+00 -4.19592823e-01  6.70317585e-02
   3.38648946e-02 -1.11156554e+00  6.21712786e-01  1.21698235e-02
   1.18171036e+00 -2.00211440e+00 -2.18198393e-01 -1.16966850e+00
  -1.27753253e+00 -1.09166599e+00 -1.59914974e+00 -6.17839157e-01
   3.49329651e+00]
 [ 2.17554667e-01  1.77484210e+00  1.67856206e+00 -2.22856219e+00
  -1.29180560e+00 -9.58830305e-01 -1.61223790e+00 -2.78096515e+00
  -2.28806320e+00 -4.69652805e+00  9.84282866e-01  6.36660688e-01
   2.20724545e+00 -2.17203940e+00 -3.54012649e+00 -3.33959350e+00
  -3.59946063e+00 -3.31405841e+00 -3.10165008e+00 -3.29591106e+00
   4.49329651e+00]
 [-9.72269892e-01  7.00850825e-02 -9.28768253e-01 -1.81352469e+00
   3.60271095e-01 -1.25428619e+00 -7.19153105e-01 -4.59037053e-01
   1.61882740e+00  2.10362550e-01  9.21273068e-01 -2.87390458e-01
  -1.66212941e-01 -4.17151902e-01  1.21476101e+00  1.18396846e+00
  -1.40029009e-01  3.17164280e-02 -1.16305062e+00  2.89051439e-01
   4.49329651e+00]
 [ 1.47067360e+00  2.60419844e+00 -4.34380575e+00 -4.91596594e-01
  -2.51419802e+00 -4.12875531e+00 -2.41959282e+00 -3.10289324e+00
  -3.28806320e+00 -3.11156554e+00  7.28627990e-01 -1.04923072e+00
   1.18171036e+00 -2.36468448e+00 -1.54012649e+00 -3.33959350e+00
  -3.01449813e+00 -3.09166599e+00 -2.51668758e+00 -2.03287666e+00
   4.49329651e+00]
 [-6.53792960e-02  8.90761383e-01 -7.19314887e-01 -2.39848719e+00
   8.67060212e-02 -9.06362885e-01 -8.34630322e-01 -3.48005741e-01
   1.71368418e-01  1.10826876e-01  2.43201163e-01 -2.50864582e-01
   2.81246036e-01 -4.71599686e-01  1.08436438e+00  1.19838118e-01
   3.54735683e-01  1.00979090e-01 -2.60347822e-01 -5.30376316e-01
   3.49329651e+00]
 [-2.17382389e-01 -8.04384035e-01 -3.14058409e-01  1.64590693e+00
  -1.21163525e+00 -9.06362885e-01 -2.41959282e+00 -4.02453525e-01
  -2.88063200e-01  3.91167246e-03  5.23309082e-01  1.27647041e-01
   2.81246036e-01 -2.17843094e-01  2.67228434e-01  1.19838118e-01
   2.07894294e-01  4.93296513e-01 -2.94295154e-01  1.10081298e-01
   3.49329651e+00]]
